 DIMENSIONALITY_OF_THE_SYSTEM
           1


 DIMENSION_OF_THE_HAMILTONIAN
           8


      ONSITE_MATRIX
           1           1   8.5555782022706084E-002   0.0000000000000000     
           1           3   1.0000000000000000        0.0000000000000000     
           2           2  -8.5555782022705529E-002   0.0000000000000000     
           2           4   1.0000000000000000        0.0000000000000000     
           3           1   1.0000000000000000        0.0000000000000000     
           3           3  -1.9741937279852573E-002   0.0000000000000000     
           3           5   1.0000000000000000        0.0000000000000000     
           4           2   1.0000000000000000        0.0000000000000000     
           4           4   1.9741937279852961E-002   0.0000000000000000     
           4           6   1.0000000000000000        0.0000000000000000     
           5           3   1.0000000000000000        0.0000000000000000     
           5           5   1.9741937279852628E-002   0.0000000000000000     
           5           7   1.0000000000000000        0.0000000000000000     
           6           4   1.0000000000000000        0.0000000000000000     
           6           6  -1.9741937279852573E-002   0.0000000000000000     
           6           8   1.0000000000000000        0.0000000000000000     
           7           5   1.0000000000000000        0.0000000000000000     
           7           7  -8.5555782022705695E-002   0.0000000000000000     
           8           6   1.0000000000000000        0.0000000000000000     
           8           8   8.5555782022705640E-002   0.0000000000000000     





 HOPPING_MATRIX_1                        
           3           1   1.0000000000000000        0.0000000000000000     
           4           2   1.0000000000000000        0.0000000000000000     
           5           7   1.0000000000000000        0.0000000000000000     
           6           8   1.0000000000000000        0.0000000000000000     




 HOPPING_MATRIX_-1                       
           1           3   1.0000000000000000       -0.0000000000000000     
           2           4   1.0000000000000000       -0.0000000000000000     
           7           5   1.0000000000000000       -0.0000000000000000     
           8           6   1.0000000000000000       -0.0000000000000000     

 POSITIONS
 -0.43301269999999997        1.0000000000000000        0.0000000000000000     
 -0.43301269999999997        1.0000000000000000        0.0000000000000000     
  0.43301269999999997       0.50000000000000000        0.0000000000000000     
  0.43301269999999997       0.50000000000000000        0.0000000000000000     
  0.43301269999999997      -0.50000000000000000        0.0000000000000000     
  0.43301269999999997      -0.50000000000000000        0.0000000000000000     
 -0.43301269999999997       -1.0000000000000000        0.0000000000000000     
 -0.43301269999999997       -1.0000000000000000        0.0000000000000000     



 LATTICE_VECTORS
   1.7320508075700001     
