 number of nonvanishing elements of H_mf
           8
 i   j   real imaginary
           1           1  0.58555578202270608        0.0000000000000000     
           2           2  0.41444421797729447        0.0000000000000000     
           3           3  0.48025806272014743        0.0000000000000000     
           4           4  0.51974193727985296        0.0000000000000000     
           5           5  0.51974193727985263        0.0000000000000000     
           6           6  0.48025806272014743        0.0000000000000000     
           7           7  0.41444421797729430        0.0000000000000000     
           8           8  0.58555578202270564        0.0000000000000000     
